###result of adding new models
[0.71216537467413799, 0.71606598383121522, 0.6918517149146256, 0.71305189757723442, 0.71127884407217179]
[0.71738285900158905, 0.72100479604847578, 0.70958146939358657, 0.71801598709446735, 0.71809197878789488]
[0.7201691628739143, 0.72138498566617903, 0.7159646216096851, 0.72168889661796654, 0.72054914249963453]
[0.71811756235052338, 0.72062506683073257, 0.71986527501698061, 0.71870009731401463, 0.72128361658016482]
[0.71885207383784833, 0.72176486221582437, 0.71535701033278942, 0.71913072094791586, 0.72310733142039918, 0.72138499421844726]
[0.71999190109719613, 0.72272745572415253, 0.71864956662283841, 0.72148635753484325, 0.72485498827955863, 0.72308200791375654]
[0.72209413709200321, 0.72275261755453479, 0.72181538989663141, 0.72303123771855882, 0.7245003206069115, 0.72412037947027386]
[0.72267675973353773, 0.72331001676917317, 0.72262612619166555, 0.7232087169677196, 0.72422185355137658, 0.72414587340771563]
[0.72437376379984864, 0.72619741042025943, 0.72503229045442741, 0.72465235316927223, 0.72576681649837838, 0.72612142257831402]
[0.72148622195678536, 0.72285398386608923, 0.7229300236714552, 0.72224611192366517, 0.72239809145669787, 0.72320861881459197]